[2,3975.0,1845.0]
[4,3975.0,1845.0]
[6,3984.0,1721.0]
[8,3973.0,1830.0]
[10,3973.0,1830.0]
[12,3970.0,1805.0]
[14,3971.0,1788.0]
[16,3971.0,1799.0]
[18,3971.0,1799.0]
[20,3971.0,1799.0]
[22,3971.0,1799.0]
[24,3971.0,1799.0]
[26,3981.0,1900.0]
[28,3981.0,1900.0]
[30,3981.0,1900.0]
[32,3981.0,1900.0]
[34,3981.0,1900.0]
[36,3981.0,1892.0]
[38,3980.0,1863.0]
[40,3980.0,1863.0]
[42,3980.0,1863.0]
[44,3989.0,1966.0]
[46,3989.0,1966.0]
[48,3978.0,1814.0]
[50,3975.0,1829.0]
[52,3975.0,1829.0]
[54,3975.0,1829.0]
[56,3975.0,1829.0]
[58,3980.0,1841.0]
[60,3980.0,1841.0]
[62,3980.0,1841.0]
[64,3986.0,1893.0]
[66,3986.0,1904.0]
[68,3982.0,1804.0]
[70,3982.0,1804.0]
[72,3982.0,1804.0]
[74,3982.0,1804.0]
[76,3981.0,1814.0]
[78,3981.0,1814.0]
[80,3981.0,1814.0]
[82,3979.0,1793.0]
[84,3985.0,1878.0]
[86,3990.0,1900.0]
[88,3990.0,1900.0]
[90,3984.0,1807.0]
[92,3993.0,1900.0]
[94,3987.0,1837.0]
[96,3987.0,1837.0]
[98,3986.0,1836.0]
[100,3986.0,1836.0]
[102,3986.0,1836.0]
[104,3986.0,1836.0]
[106,3986.0,1836.0]
[108,3977.0,1760.0]
[110,3977.0,1760.0]
[112,3805.0,-201.0]
[114,3805.0,-201.0]
[116,3805.0,-201.0]
[118,3805.0,-201.0]
[120,3805.0,-201.0]
[122,3805.0,-201.0]
[124,3805.0,-201.0]
[126,3805.0,-201.0]
[128,3805.0,-201.0]
[130,3805.0,-201.0]
[132,3805.0,-201.0]
[134,3805.0,-201.0]
[136,3805.0,-201.0]
[138,3805.0,-201.0]
[140,3805.0,-201.0]
[142,3654.0,-903.0]
[144,3654.0,-903.0]
[146,3654.0,-903.0]
[148,3654.0,-903.0]
[150,3654.0,-903.0]
[152,3654.0,-903.0]
[154,3654.0,-903.0]
[156,3654.0,-903.0]
[158,3654.0,-903.0]
[160,3654.0,-903.0]
[162,3654.0,-903.0]
[164,3654.0,-903.0]
[166,3654.0,-903.0]
[168,3654.0,-903.0]
[170,3665.0,-509.0]
[172,3764.0,673.0]
[174,3764.0,673.0]
[176,3654.0,-603.0]
[178,3654.0,-603.0]
[180,3654.0,-603.0]
[182,3654.0,-603.0]
[184,3654.0,-603.0]
[186,3925.0,1806.0]
[188,3925.0,1806.0]
[190,3925.0,1806.0]
[192,3923.0,1766.0]
[194,3923.0,1766.0]
[196,3942.0,1900.0]
[198,3942.0,1900.0]
[200,3942.0,1900.0]
[202,3942.0,1900.0]
[204,3942.0,1900.0]
[206,3951.0,1853.0]
[208,3951.0,1853.0]
[210,3947.0,1791.0]
[212,3944.0,1729.0]
[214,3948.0,1764.0]
[216,3960.0,1874.0]
[218,3960.0,1874.0]
[220,3959.0,1847.0]
[222,3960.0,1810.0]
[224,3960.0,1788.0]
[226,3975.0,1955.0]
[228,3963.0,1866.0]
[230,3963.0,1866.0]
[232,3965.0,1824.0]
[234,3965.0,1825.0]
[236,3971.0,1865.0]
[238,3971.0,1865.0]
[240,3971.0,1865.0]
[242,3971.0,1865.0]
[244,3971.0,1865.0]
[246,3980.0,1902.0]
[248,3980.0,1902.0]
[250,3980.0,1902.0]
[252,3980.0,1902.0]
[254,3980.0,1902.0]
[256,3972.0,1799.0]
[258,3972.0,1799.0]
[260,3972.0,1799.0]
[262,3976.0,1824.0]
[264,3980.0,1835.0]
[266,3990.0,1936.0]
[268,3969.0,1718.0]
[270,3976.0,1830.0]
[272,3991.0,1931.0]
[274,3977.0,1775.0]
